{
 "cells": [
  {
   "cell_type": "code",
   "execution_count": 42,
   "metadata": {},
   "outputs": [
    {
     "data": {
      "text/plain": [
       "Index(['Tỉnh', 'An Giang', 'Bến Tre', 'Bình Định', 'Bình Dương', 'Bình Thuận',\n",
       "       'Cà Mau', 'Cần Thơ', 'Đà Nẵng', 'Đắk Lắk', 'Đồng Nai', 'Gia Lai',\n",
       "       'Hà Giang', 'Hà Nội', 'Hồ Chí Minh', 'Khánh Hoà', 'Lai Châu', 'Long An',\n",
       "       'Nghệ An', 'Ninh Bình', 'Quảng Bình', 'Quảng Ninh', 'Sơn La',\n",
       "       'Tây Ninh', 'Thanh Hoá', 'Tuyên Quang'],\n",
       "      dtype='object')"
      ]
     },
     "execution_count": 42,
     "metadata": {},
     "output_type": "execute_result"
    }
   ],
   "source": [
    "import pandas as pd\n",
    "import numpy as np\n",
    "\n",
    "MAX_HOUR = 4.22\n",
    "\n",
    "province_meta = pd.read_csv(\"data/province.csv\", encoding= 'utf-8')\n",
    "data = pd.read_csv(\"data/hour_matrix.csv\", encoding = 'utf-8')\n",
    "data.columns"
   ]
  },
  {
   "cell_type": "code",
   "execution_count": 43,
   "metadata": {},
   "outputs": [],
   "source": [
    "hour_matrix = province_meta[[\"ID\",\"Tỉnh\"]].join(data.set_index('Tỉnh'), on=\"Tỉnh\")\n"
   ]
  },
  {
   "cell_type": "code",
   "execution_count": 44,
   "metadata": {},
   "outputs": [
    {
     "data": {
      "text/plain": [
       "array([[1, 'An Giang'],\n",
       "       [2, 'Bến Tre'],\n",
       "       [3, 'Bình Định'],\n",
       "       [4, 'Bình Dương'],\n",
       "       [5, 'Bình Thuận'],\n",
       "       [6, 'Cà Mau'],\n",
       "       [7, 'Cần Thơ'],\n",
       "       [8, 'Đà Nẵng'],\n",
       "       [9, 'Đắk Lắk'],\n",
       "       [10, 'Đồng Nai'],\n",
       "       [11, 'Gia Lai'],\n",
       "       [12, 'Hà Giang'],\n",
       "       [13, 'Hà Nội'],\n",
       "       [14, 'Hồ Chí Minh'],\n",
       "       [15, 'Khánh Hoà'],\n",
       "       [16, 'Lai Châu'],\n",
       "       [17, 'Long An'],\n",
       "       [18, 'Nghệ An'],\n",
       "       [19, 'Ninh Bình'],\n",
       "       [20, 'Quảng Bình'],\n",
       "       [21, 'Quảng Ninh'],\n",
       "       [22, 'Sơn La'],\n",
       "       [23, 'Tây Ninh'],\n",
       "       [24, 'Thanh Hoá'],\n",
       "       [25, 'Tuyên Quang']], dtype=object)"
      ]
     },
     "execution_count": 44,
     "metadata": {},
     "output_type": "execute_result"
    }
   ],
   "source": [
    "tinh_id = hour_matrix[[\"ID\",\"Tỉnh\"]]\n",
    "tinh_id = np.array(tinh_id).reshape((-1, 2))\n",
    "tinh_id"
   ]
  },
  {
   "cell_type": "code",
   "execution_count": 45,
   "metadata": {},
   "outputs": [
    {
     "data": {
      "text/plain": [
       "array([[ 0.     ,  2.86175, 13.9465 ,  3.88175,  7.4385 ,  4.056  ,\n",
       "         1.3775 , 17.503  ,  9.53025,  4.083  , 12.175  , 34.5945 ,\n",
       "        29.59425,  3.6245 , 11.49275, 33.7605 ,  2.71075, 23.03625,\n",
       "        27.4705 , 19.785  , 29.6795 , 30.6855 ,  3.13825, 26.19475,\n",
       "        31.7855 ],\n",
       "       [ 2.86175,  0.     , 12.687  ,  2.7185 ,  5.07875,  4.8095 ,\n",
       "         1.79625, 17.263  ,  8.36375,  2.54575, 11.5675 , 35.5675 ,\n",
       "        30.3955 ,  1.98975,  9.59875, 35.03875,  1.206  , 23.89275,\n",
       "        28.2415 , 20.45025, 30.17175, 31.9205 ,  3.4835 , 27.02   ,\n",
       "        32.72525],\n",
       "       [13.9465 , 12.687  ,  0.     , 10.22475,  8.46975, 17.417  ,\n",
       "        13.96675,  6.941  ,  4.4185 , 10.21725,  3.35825, 27.552  ,\n",
       "        22.0705 , 10.7825 ,  4.20625, 28.3645 , 11.78675, 16.5755 ,\n",
       "        19.998  , 12.9935 , 20.7055 , 25.3005 , 10.90125, 19.132  ,\n",
       "        24.76975],\n",
       "       [ 3.88175,  2.7185 , 10.22475,  0.     ,  3.8885 ,  7.21475,\n",
       "         3.743  , 14.5465 ,  5.8235 ,  0.4805 ,  8.87775, 33.0285 ,\n",
       "        27.8065 ,  0.78025,  7.613  , 32.63325,  1.61   , 21.33725,\n",
       "        25.647  , 17.845  , 27.505  , 29.50075,  1.7585 , 24.4455 ,\n",
       "        30.17875],\n",
       "       [ 7.4385 ,  5.07875,  8.46975,  3.8885 ,  0.     ,  9.8085 ,\n",
       "         6.79025, 14.301  ,  4.8585 ,  3.50475,  8.4885 , 34.0985 ,\n",
       "        28.7115 ,  3.847  ,  4.74725, 34.15025,  4.73275, 22.4815 ,\n",
       "        26.55225, 18.8375 , 27.96175, 31.00375,  5.58125, 25.45775,\n",
       "        31.2435 ],\n",
       "       [ 4.056  ,  4.8095 , 17.417  ,  7.21475,  9.8085 ,  0.     ,\n",
       "         3.496  , 21.4715 , 13.034  ,  7.20025, 15.9945 , 38.54275,\n",
       "        33.59675,  6.636  , 14.405  , 37.582  ,  5.63125, 27.036  ,\n",
       "        31.482  , 23.824  , 33.72875, 34.53525,  7.05325, 30.1965 ,\n",
       "        35.748  ],\n",
       "       [ 1.3775 ,  1.79625, 13.96675,  3.743  ,  6.79025,  3.496  ,\n",
       "         0.     , 18.0215 ,  9.56575,  3.78075, 12.502  , 35.618  ,\n",
       "        30.55325,  3.233  , 11.156  , 34.8835 ,  2.21175, 24.00675,\n",
       "        28.41625, 20.67925, 30.5235 , 31.7925 ,  3.64675, 27.15875,\n",
       "        32.79525],\n",
       "       [17.503  , 17.263  ,  6.941  , 14.5465 , 14.301  , 21.4715 ,\n",
       "        18.0215 ,  0.     ,  9.4535 , 14.74475,  5.8435 , 20.6115 ,\n",
       "        15.13025, 15.2815 , 10.922  , 21.532  , 16.13125,  9.8715 ,\n",
       "        13.06675,  6.52275, 13.85   , 18.515  , 14.41925, 12.24125,\n",
       "        17.83525],\n",
       "       [ 9.53025,  8.36375,  4.4185 ,  5.8235 ,  4.8585 , 13.034  ,\n",
       "         9.56575,  9.4535 ,  0.     ,  5.849  ,  3.63   , 29.35875,\n",
       "        23.93975,  6.4165 ,  3.33975, 29.58675,  7.40525, 17.821  ,\n",
       "        21.788  , 14.152  , 23.11325, 26.4485 ,  6.511  , 20.73025,\n",
       "        26.51025],\n",
       "       [ 4.083  ,  2.54575, 10.21725,  0.4805 ,  3.50475,  7.20025,\n",
       "         3.78075, 14.74475,  5.849  ,  0.     ,  9.02475, 33.385  ,\n",
       "        28.145  ,  0.56775,  7.43225, 33.0265 ,  1.57475, 21.69125,\n",
       "        25.984  , 18.18   , 27.8005 , 29.8915 ,  2.2245 , 24.79075,\n",
       "        30.533  ],\n",
       "       [12.175  , 11.5675 ,  3.35825,  8.87775,  8.4885 , 15.9945 ,\n",
       "        12.502  ,  5.8435 ,  3.63   ,  9.02475,  0.     , 25.848  ,\n",
       "        20.403  ,  9.578  ,  5.78075, 26.2485 , 10.48525, 14.42675,\n",
       "        18.26225, 10.75475, 19.49475, 23.12775,  9.037  , 17.2475 ,\n",
       "        23.0095 ],\n",
       "       [34.5945 , 35.5675 , 27.552  , 33.0285 , 34.0985 , 38.54275,\n",
       "        35.618  , 20.6115 , 29.35875, 33.385  , 25.848  ,  0.     ,\n",
       "         5.48175, 33.80675, 31.4285 ,  4.05475, 34.363  , 11.69425,\n",
       "         7.58925, 15.27475,  7.6105 ,  4.9955 , 32.13875,  8.6415 ,\n",
       "         2.8575 ],\n",
       "       [29.59425, 30.3955 , 22.0705 , 27.8065 , 28.7115 , 33.59675,\n",
       "        30.55325, 15.13025, 23.93975, 28.145  , 20.403  ,  5.48175,\n",
       "         0.     , 28.5865 , 25.95525,  7.2125 , 29.18975,  6.56075,\n",
       "         2.1645 ,  9.966  ,  3.303  ,  5.1105 , 27.01025,  3.40025,\n",
       "         2.75475],\n",
       "       [ 3.6245 ,  1.98975, 10.7825 ,  0.78025,  3.847  ,  6.636  ,\n",
       "         3.233  , 15.2815 ,  6.4165 ,  0.56775,  9.578  , 33.80675,\n",
       "        28.5865 ,  0.     ,  7.94525, 33.39925,  1.02125, 22.11625,\n",
       "        26.42725, 18.62525, 28.281  , 30.26825,  2.231  , 25.22525,\n",
       "        30.9575 ],\n",
       "       [11.49275,  9.59875,  4.20625,  7.613  ,  4.74725, 14.405  ,\n",
       "        11.156  , 10.922  ,  3.33975,  7.43225,  5.78075, 31.4285 ,\n",
       "        25.95525,  7.94525,  0.     , 31.98575,  8.957  , 20.154  ,\n",
       "        23.84275, 16.49325, 24.76825, 28.87575,  8.8405 , 22.8915 ,\n",
       "        28.61225],\n",
       "       [33.7605 , 35.03875, 28.3645 , 32.63325, 34.15025, 37.582  ,\n",
       "        34.8835 , 21.532  , 29.58675, 33.0265 , 26.2485 ,  4.05475,\n",
       "         7.2125 , 33.39925, 31.98575,  0.     , 33.84875, 11.832  ,\n",
       "         8.7755 , 15.49575, 10.244  ,  3.147  , 31.56075,  9.33   ,\n",
       "         4.75225],\n",
       "       [ 2.71075,  1.206  , 11.78675,  1.61   ,  4.73275,  5.63125,\n",
       "         2.21175, 16.13125,  7.40525,  1.57475, 10.48525, 34.363  ,\n",
       "        29.18975,  1.02125,  8.957  , 33.84875,  0.     , 22.687  ,\n",
       "        27.03575, 19.245  , 28.97475, 30.728  ,  2.3195 , 25.814  ,\n",
       "        31.52025],\n",
       "       [23.03625, 23.89275, 16.5755 , 21.33725, 22.4815 , 27.036  ,\n",
       "        24.00675,  9.8715 , 17.821  , 21.69125, 14.42675, 11.69425,\n",
       "         6.56075, 22.11625, 20.154  , 11.832  , 22.687  ,  0.     ,\n",
       "         4.46875,  3.6745 ,  7.3345 ,  8.73425, 20.48375,  3.1605 ,\n",
       "         8.84175],\n",
       "       [27.4705 , 28.2415 , 19.998  , 25.647  , 26.55225, 31.482  ,\n",
       "        28.41625, 13.06675, 21.788  , 25.984  , 18.26225,  7.58925,\n",
       "         2.1645 , 26.42725, 23.84275,  8.7755 , 27.03575,  4.46875,\n",
       "         0.     ,  7.804  ,  3.5385 ,  6.1445 , 24.86375,  1.35925,\n",
       "         4.77375],\n",
       "       [19.785  , 20.45025, 12.9935 , 17.845  , 18.8375 , 23.824  ,\n",
       "        20.67925,  6.52275, 14.152  , 18.18   , 10.75475, 15.27475,\n",
       "         9.966  , 18.62525, 16.49325, 15.49575, 19.245  ,  3.6745 ,\n",
       "         7.804  ,  0.     ,  9.93925, 12.38275, 17.09675,  6.63725,\n",
       "        12.4175 ],\n",
       "       [29.6795 , 30.17175, 20.7055 , 27.505  , 27.96175, 33.72875,\n",
       "        30.5235 , 13.85   , 23.11325, 27.8005 , 19.49475,  7.6105 ,\n",
       "         3.303  , 28.281  , 24.76825, 10.244  , 28.97475,  7.3345 ,\n",
       "         3.5385 ,  9.93925,  0.     ,  8.40275, 26.9045 ,  4.7225 ,\n",
       "         5.50725],\n",
       "       [30.6855 , 31.9205 , 25.3005 , 29.50075, 31.00375, 34.53525,\n",
       "        31.7925 , 18.515  , 26.4485 , 29.8915 , 23.12775,  4.9955 ,\n",
       "         5.1105 , 30.26825, 28.87575,  3.147  , 30.728  ,  8.73425,\n",
       "         6.1445 , 12.38275,  8.40275,  0.     , 28.4455 ,  6.443  ,\n",
       "         3.64575],\n",
       "       [ 3.13825,  3.4835 , 10.90125,  1.7585 ,  5.58125,  7.05325,\n",
       "         3.64675, 14.41925,  6.511  ,  2.2245 ,  9.037  , 32.13875,\n",
       "        27.01025,  2.231  ,  8.8405 , 31.56075,  2.3195 , 20.48375,\n",
       "        24.86375, 17.09675, 26.9045 , 28.4455 ,  0.     , 23.624  ,\n",
       "        29.30275],\n",
       "       [26.19475, 27.02   , 19.132  , 24.4455 , 25.45775, 30.1965 ,\n",
       "        27.15875, 12.24125, 20.73025, 24.79075, 17.2475 ,  8.6415 ,\n",
       "         3.40025, 25.22525, 22.8915 ,  9.33   , 25.814  ,  3.1605 ,\n",
       "         1.35925,  6.63725,  4.7225 ,  6.443  , 23.624  ,  0.     ,\n",
       "         5.78575],\n",
       "       [31.7855 , 32.72525, 24.76975, 30.17875, 31.2435 , 35.748  ,\n",
       "        32.79525, 17.83525, 26.51025, 30.533  , 23.0095 ,  2.8575 ,\n",
       "         2.75475, 30.9575 , 28.61225,  4.75225, 31.52025,  8.84175,\n",
       "         4.77375, 12.4175 ,  5.50725,  3.64575, 29.30275,  5.78575,\n",
       "         0.     ]])"
      ]
     },
     "execution_count": 45,
     "metadata": {},
     "output_type": "execute_result"
    }
   ],
   "source": [
    "hour_matrix_ = hour_matrix.drop(columns= ['ID', 'Tỉnh'])\n",
    "hour_matrix_ = np.array(hour_matrix_)\n",
    "hour_matrix_"
   ]
  },
  {
   "cell_type": "code",
   "execution_count": 46,
   "metadata": {},
   "outputs": [
    {
     "data": {
      "text/plain": [
       "array([[1, 'An Giang'],\n",
       "       [2, 'Bến Tre'],\n",
       "       [3, 'Bình Định'],\n",
       "       [4, 'Bình Dương'],\n",
       "       [5, 'Bình Thuận'],\n",
       "       [6, 'Cà Mau'],\n",
       "       [7, 'Cần Thơ'],\n",
       "       [8, 'Đà Nẵng'],\n",
       "       [9, 'Đắk Lắk'],\n",
       "       [10, 'Đồng Nai'],\n",
       "       [11, 'Gia Lai'],\n",
       "       [12, 'Hà Giang'],\n",
       "       [13, 'Hà Nội'],\n",
       "       [14, 'Hồ Chí Minh'],\n",
       "       [15, 'Khánh Hoà'],\n",
       "       [16, 'Lai Châu'],\n",
       "       [17, 'Long An'],\n",
       "       [18, 'Nghệ An'],\n",
       "       [19, 'Ninh Bình'],\n",
       "       [20, 'Quảng Bình'],\n",
       "       [21, 'Quảng Ninh'],\n",
       "       [22, 'Sơn La'],\n",
       "       [23, 'Tây Ninh'],\n",
       "       [24, 'Thanh Hoá'],\n",
       "       [25, 'Tuyên Quang']], dtype=object)"
      ]
     },
     "execution_count": 46,
     "metadata": {},
     "output_type": "execute_result"
    }
   ],
   "source": [
    "tinh_id"
   ]
  },
  {
   "cell_type": "code",
   "execution_count": 47,
   "metadata": {},
   "outputs": [
    {
     "data": {
      "text/plain": [
       "[array([1, 'An Giang', '1, 2, 4, 6, 7, 10, 14, 17, 23'], dtype=object),\n",
       " array([2, 'Bến Tre', '1, 2, 4, 7, 10, 14, 17, 23'], dtype=object),\n",
       " array([3, 'Bình Định', '3, 11'], dtype=object)]"
      ]
     },
     "execution_count": 47,
     "metadata": {},
     "output_type": "execute_result"
    }
   ],
   "source": [
    "coverages = list()\n",
    "for i,arr in enumerate(hour_matrix_):\n",
    "    adapt = list()\n",
    "    adapt_str = \"\"\n",
    "    for j,hour in enumerate(arr):\n",
    "        if MAX_HOUR > hour:\n",
    "            adapt.append(tinh_id[j,0])\n",
    "            \n",
    "    for i, ad in enumerate(adapt):\n",
    "        ad_str = str(ad) + \", \"\n",
    "        adapt_str = adapt_str + ad_str\n",
    "    coverages.append(adapt_str[:-2])\n",
    "\n",
    "\n",
    "coverages = [np.append(tid, coverages[i]) for i,tid in enumerate(tinh_id)]\n",
    "\n",
    "coverages[:3]\n"
   ]
  },
  {
   "cell_type": "code",
   "execution_count": 48,
   "metadata": {},
   "outputs": [],
   "source": [
    "# Create dataframe\n",
    "coverageDf = pd.DataFrame(coverages, columns= [\"ID\", \"Tỉnh\", \"Coverage\"])\n",
    "coverageDf.to_csv(\"data/coverages.csv\", index=False)"
   ]
  }
 ],
 "metadata": {
  "interpreter": {
   "hash": "4183159f29c1b687ce0ae91ac3fc8761e207e11430d5fb8c99258f6f86a48000"
  },
  "kernelspec": {
   "display_name": "Python 3.10.4 ('fl')",
   "language": "python",
   "name": "python3"
  },
  "language_info": {
   "codemirror_mode": {
    "name": "ipython",
    "version": 3
   },
   "file_extension": ".py",
   "mimetype": "text/x-python",
   "name": "python",
   "nbconvert_exporter": "python",
   "pygments_lexer": "ipython3",
   "version": "3.10.4"
  }
 },
 "nbformat": 4,
 "nbformat_minor": 2
}
